[gd_scene load_steps=5 format=2]

[ext_resource path="res://scenes/furniture/box.tscn" type="PackedScene" id=1]
[ext_resource path="res://scripts/camera.gd" type="Script" id=2]
[ext_resource path="res://scenes/truck/truck.tscn" type="PackedScene" id=3]

[sub_resource type="CubeMesh" id=2]
size = Vector3( 5, 0.1, 5 )

[node name="World" type="Spatial"]

[node name="Truck" parent="." instance=ExtResource( 3 )]
transform = Transform( 0.707107, 0, -0.707107, 0, 1, 0, 0.707107, 0, 0.707107, -1, 0, -1 )

[node name="Camera" type="Camera" parent="."]
transform = Transform( 1, 0, 0, 0, 0.866025, 0.5, 0, -0.5, 0.866025, 0, 1.3, 2 )
far = 10.0
script = ExtResource( 2 )

[node name="DirectionalLight" type="DirectionalLight" parent="."]
transform = Transform( -4.37114e-08, 0.866025, -0.5, 0, 0.5, 0.866025, 1, 3.78552e-08, -2.18557e-08, 0, 1, 0 )
light_energy = 0.1
shadow_enabled = true
shadow_bias = 0.2
directional_shadow_mode = 0
directional_shadow_depth_range = 1

[node name="Box" parent="." instance=ExtResource( 1 )]

[node name="MeshInstance" type="MeshInstance" parent="."]
mesh = SubResource( 2 )
