[gd_scene load_steps=7 format=2]

[ext_resource path="res://assets/fonts/roboto_regular.ttf" type="DynamicFontData" id=1]
[ext_resource path="res://scenes/truck/truck.tscn" type="PackedScene" id=2]
[ext_resource path="res://scenes/furniture/box.tscn" type="PackedScene" id=3]
[ext_resource path="res://scenes/outside/street_straight.tscn" type="PackedScene" id=4]

[sub_resource type="Environment" id=2]
background_mode = 1
ambient_light_color = Color( 1, 1, 1, 1 )
ambient_light_energy = 0.2
fog_enabled = true
fog_color = Color( 0, 0, 0, 1 )
fog_depth_end = 20.0
tonemap_mode = 2
tonemap_exposure = 0.6
ssao_enabled = true
glow_enabled = true

[sub_resource type="DynamicFont" id=1]
size = 96
outline_size = 3
outline_color = Color( 0, 0, 0, 1 )
font_data = ExtResource( 1 )

[node name="Title" type="Spatial"]

[node name="WorldEnvironment" type="WorldEnvironment" parent="."]
environment = SubResource( 2 )

[node name="SpotLight" type="SpotLight" parent="."]
transform = Transform( 1, 0, 0, 0, -4.37114e-08, 1, 0, -1, -4.37114e-08, 0, 5, 0 )
light_color = Color( 0.411765, 1, 0.972549, 1 )
light_energy = 5.0
spot_range = 10.0

[node name="DirectionalLight" type="DirectionalLight" parent="."]
transform = Transform( 1, 0, 0, 0, 0.707107, 0.707107, 0, -0.707107, 0.707107, 0, 2, 2 )
shadow_enabled = true
directional_shadow_mode = 0
directional_shadow_depth_range = 1

[node name="Truck" parent="." instance=ExtResource( 2 )]

[node name="StreetStraight" parent="." instance=ExtResource( 4 )]
transform = Transform( 1, 0, 0, 0, 1, 0, 0, 0, 1, -4, 0, 0 )

[node name="StreetStraight2" parent="." instance=ExtResource( 4 )]
transform = Transform( 1, 0, 0, 0, 1, 0, 0, 0, 1, -4, 0, -8 )

[node name="StreetStraight3" parent="." instance=ExtResource( 4 )]
transform = Transform( 1, 0, 0, 0, 1, 0, 0, 0, 1, -4, 0, 8 )

[node name="Box" parent="." instance=ExtResource( 3 )]
transform = Transform( 0.707107, 0, -0.707107, 0, 1, 0, 0.707107, 0, 0.707107, 1.3, 0, 1 )

[node name="Box3" parent="." instance=ExtResource( 3 )]
transform = Transform( 0.707107, 0, -0.707107, 0.5, 0.707107, 0.5, 0.5, -0.707107, 0.5, 0.3, 0.2, -3 )

[node name="Box2" parent="." instance=ExtResource( 3 )]
transform = Transform( 0.707107, 0, -0.707107, 0, 1, 0, 0.707107, 0, 0.707107, -1.7, 0, 2.2 )

[node name="Camera" type="Camera" parent="."]
transform = Transform( 0.707107, 0, 0.707107, 0, 1, 0, -0.707107, 0, 0.707107, 3.29289, 1.1, 3.92132 )

[node name="Control" type="Control" parent="."]
anchor_right = 1.0
anchor_bottom = 1.0

[node name="MarginContainer" type="MarginContainer" parent="Control"]
anchor_right = 1.0
margin_bottom = 146.0
custom_constants/margin_top = 128

[node name="Label" type="Label" parent="Control/MarginContainer"]
margin_top = 128.0
margin_right = 948.0
margin_bottom = 242.0
custom_fonts/font = SubResource( 1 )
text = "Truck It!"
align = 1
